,-46,4155,-44,69,132
76,-53,4160,-56,46,123
60,-33,4193,-29,10,66
51,-32,4163,8,26,10
32,-69,4165,4,78,-13
54,-36,4195,7,71,-14
-31,-9,4186,9,123,1
-86,-28,4155,56,111,-4
-32,-62,4122,68,129,-3
5,-88,4117,34,159,47
51,-47,4190,10,154,75
15,-30,4159,32,155,62
40,-53,4178,46,147,45
142,-143,4160,35,-17,48
-40,-2,4144,35,-28,-6
-79,11,4125,47,-16,-61
-74,-36,4136,-4,-104,-28
-7,-17,4174,-23,-211,-19
-86,-32,4124,-30,-109,10
-98,-58,4087,-26,-75,26
-94,-83,4111,-100,-97,80
-92,-48,4182,-109,-202,157
8,-66,4228,-17,-350,258
128,-93,4249,56,-378,325
72,-71,4227,132,-307,235
-214,-22,4235,163,-207,5
252,-339,3932,-35,271,-679
-54,-136,4096,-89,66,-394
-239,5,4171,-102,41,-384
-389,69,4092,-239,101,-610
-108,20,4087,-281,350,-710
10,-24,4213,-220,256,-373
-1,-77,4178,-134,-144,27
-14,-76,4209,-51,-319,131
-66,-51,4151,-48,-293,98
121,-180,4167,-62,-223,56
131,-192,4114,-94,-175,63
260,-289,4220,-89,-167,63
-16,-82,4192,-183,-46,-16
113,-45,4244,-48,45,-214
8,6,4259,134,2,-133
-21,2,4218,203,122,-23
0,-153,4064,173,227,-106
87,-156,4136,80,79,-6
7,-117,4124,19,-41,56
-37,-75,4119,-15,18,-89
64,-100,4172,-50,76,-125
57,-23,4236,16,115,-76
-19,-52,4151,90,63,14
39,-112,4181,239,33,68
21,-62,4166,95,67,154
-26,-71,4097,170,62,196
24,-113,4080,116,86,159
-8,-126,4051,74,73,111
-25,-48,4142,-107,-35,107
12,-42,4174,-148,-72,198
19,0,4236,-118,-73,275
17,55,4280,64,65,272
40,-72,4212,163,149,186
84,-163,4166,193,170,108
80,-162,4069,118,115,16
7,-53,4128,73,128,-56
34,-39,4061,94,360,-90
6,-156,4028,96,269,-5
-121,54,4201,-63,8,158
-81,-6,4181,-70,5,96
-21,6,4163,-58,8,37
67,-58,4188,-58,-48,128
75,-26,4199,-105,-67,210
69,-15,4223,-46,-3,188
20,-67,4154,53,155,-6
-77,-77,4111,82,212,-43
-83,-99,4141,62,218,-18
-55,-93,4153,46,166,59
-51,-13,4149,-24,-32,134
-83,-3,4216,-19,-128,258
-28,-74,4147,43,-85,228
34,-79,4098,-63,-97,185
-44,-57,4186,6,-12,187
-23,-91,4111,10,10,92
-20,-68,4166,-81,-95,113
-78,-54,4143,-67,13,100
-11,-92,4102,-91,42,46
68,-71,4183,-61,21,64
-7,-49,4158,-31,-18,134
-22,-50,4110,-10,-5,88
86,-57,4188,-77,-97,161
-14,56,4275,-34,-101,197
110,-73,4197,32,70,126
27,-57,4139,32,-41,168
-49,-45,4171,-34,-107,156
48,-41,4134,-53,-95,160
78,-49,4109,-42,-27,105
20,-25,4166,-21,-6,112
8,-47,4132,1,58,104
-50,-28,4169,-14,-20,124
-52,-44,4179,13,-6,108
57,-88,4174,28,-53,82
5,-86,4168,24,-31,65
-59,-29,4177,36,-80,59
18,-58,4193,75,-44,44
26,-67,4146,66,74,35
-20,-1,4146,68,-34,97
-31,-104,4073,62,-30,113
-1,-81,4056,24,-86,76
-31,-74,4095,-16,-28,57
54,-112,4132,-12,-25,37
107,-114,4211,-4,1,86
46,-57,4227,22,-18,93
33,-103,4203,55,68,106
70,-79,4204,69,37,48
66,-26,4148,40,48,-31
47,-139,4142,78,88,-22
-11,-79,4146,64,30,-10
-54,-125,4059,11,-15,20
-66,-111,4117,-16,-55,90
-65,-49,4229,-29,-11,113
-10,-19,4283,35,-76,126
-16,-91,4167,63,-46,90
-11,-108,4110,46,-45,60
21,-49,4171,9,-74,95
79,-135,4163,-37,37,109
81,-99,4250,-26,-23,96
67,-71,4250,-14,10,80
67,-124,4153,60,34,21
9,-132,4136,60,53,14
-21,-109,4127,66,29,-22
34,-177,4089,35,-85,-61
57,-112,4129,-27,-240,-62
88,-29,4232,-67,-239,-8
58,-24,4186,-62,-228,40
69,-27,4184,-47,-208,72
65,-49,4173,-20,-93,56
35,24,4213,46,-24,0
40,-38,4171,87,45,-45
40,-66,4108,102,53,-69
16,-68,4110,64,-136,14
13,-51,4134,22,-239,-8
18,-70,4141,-7,-410,-48
124,-96,4159,-73,-707,-55
288,14,4265,-159,-969,57
258,30,4277,-130,-932,97
277,101,4222,-50,-490,-39
238,-49,4181,94,-92,-199
182,21,4297,128,-102,-177
141,66,4292,128,-158,-135
223,-69,4212,114,-176,-190
222,-62,4171,89,-197,-249
190,-41,4159,40,-290,-280
119,-54,4110,-17,-447,-276
87,6,4186,-15,-584,-255
124,13,4196,5,-523,-262
146,19,4125,54,-422,-268
218,38,4159,80,-156,-252
273,-72,4098,106,-141,-189
217,-78,4037,54,-221,-109
148,-116,4012,8,-288,-104
97,-50,4076,-21,-416,-81
68,-1,4098,11,-336,-248
292,-55,4074,61,-220,-335
340,-26,4128,136,-17,-277
247,-51,4102,193,4,-149
179,-46,4102,147,11,-84
170,-1,4131,78,64,-104
178,-4,4088,42,84,-97
177,-2,4113,22,41,-10
234,-1,4142,-17,74,14
269,-25,4144,-3,66,69
287,-77,4131,-12,-80,89
291,-70,4158,-27,-188,55
206,-9,4162,-8,-220,60
207,50,4153,58,-43,-58
239,-70,4069,114,108,-116
283,-116,4081,121,69,-110
331,-79,4107,19,74,-88
230,-54,4080,-13,-19,-34
259,-43,4060,-55,-76,48
248,-13,4113,-88,-80,143
372,9,4167,-66,-11,151
358,-28,4142,0,14,165
364,-71,4132,34,24,104
368,-6,4173,-63,-27,12
296,16,4199,-32,-19,-12
271,-23,4128,9,67,-71
283,-46,4094,12,115,-106
254,-11,4119,-23,79,-79
251,26,4153,-29,71,-52
204,30,4149,18,143,-7
239,10,4130,34,107,19
318,-63,4137,28,69,87
422,-13,4305,-52,-53,47
379,100,4394,-42,-3,37
307,59,4306,48,79,-50
316,-51,4203,112,-61,-50
217,-34,4171,70,-130,-63
149,21,4134,24,-157,-68
136,18,4091,78,18,-104
193,-37,4068,111,-5,-96
247,-54,4023,99,32,-13
154,-26,4027,107,77,35
169,-43,4005,37,88,-20
157,-35,4071,-8,-11,8
258,28,4181,-64,-152,90
378,48,4273,-75,-137,152
446,19,4276,-35,-156,161
446,12,4254,13,-138,150
458,-11,4234,55,-5,31
413,61,4275,91,64,17
291,63,4218,110,144,23
194,44,4138,112,157,-12
210,21,4138,70,137,-19
237,16,4180,41,59,-13
270,58,4198,39,6,41
208,89,4181,62,-18,63
221,45,4121,78,-48,52
334,-35,4099,30,-215,27
341,36,4186,29,-279,55
442,47,4184,49,-254,67
394,56,4224,117,-71,146
289,31,4210,183,122,79
260,-11,4151,205,326,-71
268,-61,4120,190,426,-145
345,-109,4077,96,181,-31
261,-60,4082,50,12,87
248,-45,4073,24,-119,153
186,13,4111,-28,-258,194
181,97,4136,-37,-292,143
272,60,4165,-2,-216,60
349,61,4191,48,83,58
379,21,4174,55,96,50
348,10,4166,43,92,57
215,87,4155,72,312,37
200,6,4084,104,408,63
235,-79,4089,72,373,128
349,-91,4148,-79,222,283
320,-49,4193,-126,152,323
324,2,4208,-121,16,257
291,28,4203,-80,7,137
209,9,4185,-25,111,-75
219,30,4135,-40,59,-125
149,73,4094,-5,37,-6
172,42,4093,16,128,-31
318,-23,4110,-17,155,-35
421,15,4181,-28,95,47
379,30,4238,-25,-37,220
300,42,4182,-22,-113,215
293,-33,4116,-28,-151,119
156,48,4130,-40,-269,119
130,112,4122,6,-186,34
190,52,4078,7,-99,19
288,-18,4203,-10,-194,151
391,106,4357,-55,-285,178
453,86,4338,-5,-160,142
374,6,4192,84,-8,1
302,-46,4120,12,-83,67
164,31,4070,-10,-69,50
198,-36,4083,-15,-102,31
278,-11,4130,-37,-142,151
242,85,4145,-4,-121,148
294,89,4188,21,12,102
413,28,4160,50,74,93
346,63,4161,32,15,158
293,113,4187,35,38,111
333,77,4143,41,52,17
279,34,4152,41,-13,57
251,27,4126,4,-50,42
393,-31,4153,-58,-57,119
390,82,4206,-106,-96,130
364,63,4189,-54,124,121
307,135,4194,-28,146,94
269,69,4185,-24,248,70
205,48,4215,84,185,46
218,-13,4142,85,225,-69
177,-55,4102,92,197,-93
263,-64,4116,32,108,-94
235,-36,4116,-17,6,-13
283,1,4217,-19,-63,83
224,21,4171,-9,-6,155
196,-47,4146,14,42,113
279,-16,4152,-27,-5,107
300,-15,4200,-24,3,103
323,-6,4215,-1,26,36
332,-27,4176,82,242,9
282,-72,4139,125,227,32
137,-64,4103,143,236,-43
39,-74,3965,67,234,-247
5,-50,3967,11,231,-210
64,-49,4013,-33,161,-122
292,-76,4183,-144,-113,152
297,90,4384,-132,-245,223
376,69,4406,-70,-187,103
325,50,4327,88,-102,-66
228,-41,4197,130,0,-145
174,-42,4129,112,22,-212
156,2,4083,83,72,-216
201,-3,4049,63,111,-111
188,33,4074,45,43,-62
263,68,4158,-10,-21,-34
308,34,4186,42,-19,55
394,-29,4179,2,-102,109
353,58,4209,-6,-197,167
258,45,4149,27,-74,28
300,37,4160,13,-27,-53
219,53,4138,17,6,-21
179,72,4146,10,40,-5
171,103,4195,-18,66,31
258,115,4190,-16,17,92
211,129,4181,46,-7,226
257,15,4140,79,77,176
326,-78,4112,0,28,133
251,27,4149,-69,-18,49
227,-24,4090,-104,28,29
198,-13,4177,-125,-46,96
132,107,4259,-34,27,165
155,-4,4135,12,51,161
151,52,4142,30,3,239
183,86,4153,25,-24,361
253,45,4187,-3,96,291
312,74,4231,-28,87,223
337,26,4185,41,125,224
176,-16,4136,53,66,130
199,29,4165,4,43,62
185,34,4203,12,67,58
202,8,4098,16,10,151
123,66,4149,56,23,226
273,65,4190,75,55,196
336,-26,4129,94,138,154
342,-10,4190,44,107,130
430,12,4196,20,29,108
341,87,4204,20,-69,168
363,83,4136,29,-27,156
283,81,4163,8,-33,171
298,123,4186,34,-5,166
308,102,4181,90,111,58
293,40,4089,120,242,-27
270,46,4077,105,303,-106
335,88,4166,101,302,-87
382,37,4092,144,279,-54
286,44,4095,143,144,92
246,61,4054,54,-23,268
280,28,4022,30,33,238
301,-58,4010,19,77,179
251,39,4135,-94,63,82
278,76,4172,-54,191,-2
348,32,4282,-26,210,-38
421,58,4334,1,32,14
333,53,4242,37,-80,79
258,48,4149,51,-102,109
215,55,4111,31,-19,157
146,-20,4065,8,6,246
69,14,4106,-18,29,266
31,91,4177,-60,79,184
120,102,4295,9,79,133
185,21,4272,49,48,106
182,49,4265,56,17,100
161,28,4173,78,86,58
187,-63,4093,73,88,85
189,-87,4053,4,-5,110
123,49,4132,-40,-21,172
118,71,4179,-4,71,126
172,31,4146,22,129,78
119,75,4184,42,72,69
155,151,4235,44,78,61
111,132,4169,99,232,-21
153,16,4056,68,216,-50
36,114,4118,-13,100,39
53,154,4103,-47,61,98
176,71,4139,-39,85,102
255,111,4198,-65,-21,128
197,166,4213,2,-34,168
216,127,4232,60,28,24
241,68,4172,91,101,-47
211,79,4067,90,100,-38
204,4,4084,16,45,76
39,165,4128,19,71,152
69,184,4159,6,70,154
132,211,4189,10,94,131
114,203,4182,4,80,118
182,194,4169,33,92,45
236,171,4185,41,91,4
375,108,4173,63,5,69
303,-183,4117,84,-80,143
282,72,4218,-69,9,-555
275,47,4130,86,-42,139
127,102,4150,11,14,13
97,68,4163,-51,-1,-183
15,210,4230,20,89,-165
94,157,4240,106,203,-169
142,133,4201,129,207,-102
264,74,4220,190,192,-136
310,45,4201,99,91,-81
309,15,4154,54,15,-53
233,39,4124,22,-46,-81
132,66,4078,44,19,-172
102,39,3982,-6,71,-177
62,14,3912,-105,34,65
51,131,4125,-9,133,98
107,188,4246,-49,159,148
234,109,4306,-115,2,329
132,207,4267,33,-3,346
182,72,4165,79,78,203
152,99,4139,21,42,222
257,62,4153,-7,86,261
264,14,4141,47,35,277
94,116,4109,63,78,167
99,13,4058,-30,125,136
173,-20,4143,-111,69,190
124,149,4291,-109,-56,213
86,145,4209,-61,-61,119
1,56,4154,20,-1,6
24,114,4135,-50,-30,172
47,39,4119,-33,82,251
180,19,4210,-47,110,158
76,84,4241,-46,120,88
128,26,4162,-20,142,7
46,56,4160,-38,169,-12
36,141,4178,-57,135,28
108,48,4139,-20,168,81
76,5,4126,17,108,200
90,-32,4125,-13,41,239
117,31,4155,3,105,127
81,51,4188,5,171,129
108,68,4237,49,162,93
14,123,4220,52,186,-18
59,48,4131,27,144,2
47,35,4153,4,203,-32
78,-7,4152,-12,180,-54
41,97,4112,-41,66,-31
44,-46,4048,-2,87,22
61,44,4108,-79,-133,129
33,175,4202,-24,-107,196
96,93,4106,-6,-52,128
100,13,4160,-115,-187,141
173,28,4197,-95,-88,142
121,18,4227,-21,-53,170
71,120,4247,2,-56,77
145,-66,4158,56,15,-57
-24,-32,4147,33,59,-71
40,-117,4061,-31,32,-122
-75,66,4067,-37,23,-29
-18,104,4114,-44,167,-1
39,99,4177,-132,116,36
86,120,4253,-105,86,150
128,50,4271,-60,81,120
73,140,4363,-55,59,39
215,101,4276,-17,79,-46
213,-28,4155,87,73,98
292,-28,4115,78,-115,205
312,-71,4080,112,-145,257
262,-85,4069,31,-157,174
144,9,4090,-22,-127,48
188,-40,4021,-91,-72,11
272,17,4057,-111,-90,-7
210,-2,4131,-96,-43,95
149,104,4262,-56,-43,54
100,141,4251,-81,-8,34
-3,132,4209,8,114,-192
0,65,4251,51,114,-316
21,99,4240,54,75,-235
-26,52,4093,153,181,-335
92,-11,4020,100,88,-105
241,-14,4045,99,-109,127
224,28,4149,42,-249,397
264,11,4118,28,-216,399
157,81,4197,-15,-207,333
49,124,4221,-25,-121,134
-32,170,4226,6,15,-43
9,116,4260,29,98,-123
-58,170,4268,84,217,-123
64,29,4147,55,151,-36
141,72,4183,7,61,-36
129,105,4125,-77,-26,-13
136,143,4075,61,96,-37
214,112,4065,77,134,63
82,164,4124,57,179,173
138,165,4169,121,99,264
149,144,4271,160,159,301
171,241,4330,152,169,253
174,56,4137,224,338,53
168,-58,4042,210,193,98
-14,-3,4075,156,185,11
37,-30,4031,193,163,-158
63,50,4073,33,42,8
-95,227,4210,-39,-39,201
-41,228,4365,85,126,-8
6,437,4514,221,88,-199
-10,296,4388,272,203,-154
69,201,4145,345,160,-25
53,14,3958,293,31,76
33,25,3976,194,-54,100
95,41,3915,127,-64,153
40,55,4020,78,-5,126
-74,96,4082,42,3,74
-126,207,4087,9,-7,17
-99,259,4134,-8,177,-78
1,263,4230,43,233,-121
59,299,4366,79,290,-190
291,162,4250,176,250,-82
218,161,4249,231,-3,164
166,132,4080,174,-189,302
77,74,3863,181,-349,277
90,85,3797,190,-300,253
37,155,3870,160,-206,237
92,169,3878,148,76,172
108,115,4013,120,202,171
238,104,4216,-8,174,126
233,268,4388,-174,-29,144
100,164,4407,-117,-50,47
-43,222,4295,-143,-172,21
-13,140,4157,39,-215,-16
265,3,3942,98,-339,11
301,237,4327,-52,-593,166
-37,455,4240,-289,-485,206
441,-60,4005,-637,-663,-146
360,333,4405,-679,-731,-192
308,252,4359,-501,-450,-339
169,111,4260,-211,-258,-575
130,10,4152,-70,-213,-594
-176,242,4254,-90,-297,-580
-16,206,4062,17,-150,-526
-28,320,4092,-32,-238,-209
76,387,4292,-10,-273,203
326,371,4309,388,59,490
426,100,4190,513,332,335
275,-120,4059,386,385,168
230,-206,4013,2,261,-13
122,-294,4074,-263,105,-39
3,-159,4133,-367,11,34
88,-31,4235,-241,-43,247
95,133,4323,-238,32,425
183,137,4271,107,241,435
263,4,4205,193,383,431
303,-1,4199,303,438,426
216,-21,4188,281,437,436
113,-20,4116,218,589,275
63,-160,4051,113,663,95
-9,-85,4113,-23,478,88
-29,59,4110,-80,282,183
86,36,3974,-175,169,368
241,143,4126,-40,37,623
233,224,4261,-211,-73,747
237,131,4208,46,180,576
126,79,4080,-39,245,319
95,75,4021,-85,267,149
117,36,4000,-186,81,47
94,208,4224,-201,-113,153
86,214,4161,-267,-151,200
91,225,4147,-158,-198,252
95,238,4172,-175,-194,260
117,218,4215,-131,-140,179
246,173,4172,-114,-85,151
290,192,4223,-83,-60,121
163,202,4276,-48,54,13
149,144,4248,30,157,-142
-55,64,4235,126,314,-219
-118,-112,4308,151,323,-252
-211,-109,4280,-52,220,-345
-365,-190,4308,-93,253,-370
-278,-289,4232,-78,210,-290
-236,-243,4264,-68,16,-79
-127,-73,4076,62,-157,124
-154,-71,3900,58,-188,175
-119,-11,3821,2,-198,196
25,143,3936,-29,-202,208
45,281,3886,-28,-106,31
53,283,3907,12,-3,-75
68,205,3973,-64,-105,-28
56,143,4097,18,-195,90
-62,75,4178,62,-199,177
-152,-37,4279,53,-186,119
-167,44,4372,49,-236,224
-48,44,4424,40,-164,328
34,82,4373,7,-135,198
104,261,4309,4,-76,180
53,268,4214,88,28,24
128,237,4149,47,64,21
107,268,4209,87,55,40
180,187,4187,101,41,111
181,120,4199,123,17,209
180,134,4220,46,-7,302
165,133,4133,-85,18,244
83,81,4089,35,-26,83
35,170,4085,-59,79,73
90,139,4198,-43,48,127
26,304,4282,-173,51,70
46,168,4305,-82,134,-72
-73,210,4386,-92,132,-103
-108,153,4333,-36,204,-129
-114,122,4311,21,149,26
-58,151,4350,13,7,224
42,208,4253,33,-36,349
53,126,4165,97,-19,287
-21,158,4066,19,-57,244
-63,184,3985,10,35,189
-62,172,3879,119,85,135
-35,152,4150,126,233,81
-9,108,4141,48,226,76
-17,137,4213,60,296,9
69,54,4204,103,338,-150
49,46,4183,95,289,-140
66,29,4087,116,245,-81
2,63,4173,59,53,58
81,95,4132,49,5,106
66,91,4112,79,-51,79
25,158,4092,122,-33,65
14,137,4071,93,-7,-1
51,124,4043,90,43,23
-37,50,4067,82,149,13
-102,41,4031,60,227,-62
-86,-7,4001,20,293,-109
89,14,4071,-19,246,-190
233,70,4155,-10,117,19
201,129,4247,-50,-88,151
156,212,4274,47,-70,106
129,87,4115,51,-11,33
60,83,4112,27,-34,1
-16,115,4122,8,80,-116
-28,27,4100,46,68,-199
-54,80,4165,57,4,-286
5,14,4125,76,22,-291
-38,95,4003,32,-15,-138
-158,41,4032,4,-25,-90
-139,-18,3996,-44,-54,-98
-18,118,4147,-89,-39,-74
108,40,4179,-72,-81,-27
113,180,4279,-23,-188,121
32,156,4209,49,11,64
77,110,4097,112,67,-27
56,163,4130,69,-26,-81
22,168,4198,24,-30,-58
-25,164,4220,4,-61,-27
-111,91,4267,-26,-70,-15
-193,178,4305,-37,-64,-11
-229,236,4264,14,62,-94
-176,179,4196,74,235,-185
-161,162,4156,117,274,-164
-76,106,4122,68,160,-18
-65,101,4128,-9,-10,161
-143,177,4244,-83,-99,401
6,215,4183,13,144,423
-153,231,4215,61,128,316
84,187,4183,85,134,107
-7,215,4231,165,104,121
-84,249,4157,231,166,146
-14,213,4056,220,297,117
-78,111,4066,47,270,81
-123,110,4118,23,219,82
-169,145,4172,-21,188,113
-139,103,4129,43,139,238
-170,190,4182,53,52,385
-120,175,4160,77,45,510
-103,234,4172,96,69,579
-14,147,4152,95,182,501
-16,126,4136,14,213,387
-99,136,4172,-77,370,101
-72,-12,4076,-199,303,-45
-115,51,4157,-228,69,-2
-185,107,4242,-174,-113,111
-341,79,4179,-130,-82,154
-333,141,4052,-104,139,130
-241,126,4085,-89,47,71
-301,100,4233,-30,144,237
-148,108,4110,-18,185,357
-133,55,4123,-7,109,452
-213,140,4184,-86,78,543
-180,121,4156,-78,189,519
-252,99,4140,-91,219,464
-299,155,4100,-141,256,378
-195,143,4079,-103,319,376
-23,124,4041,-94,282,447
43,181,4182,-68,175,551
68,129,4084,-48,212,482
49,152,4097,-78,233,339
124,219,4168,-150,290,122
106,194,4216,-148,292,-4
54,214,4215,-137,270,-103
16,144,4120,-73,262,-50
-114,127,4081,-89,195,28
-184,128,4066,-84,290,54
-122,63,3969,-121,329,77
-129,70,4088,-196,183,209
-63,153,4162,-224,71,368
-33,211,4185,-218,54,438
-66,103,4154,-141,121,303
-69,156,4179,-170,140,165
-87,165,4193,-168,241,62
-133,170,4196,-126,299,8
-44,43,4114,-82,317,28
-56,34,4121,-112,128,70
-202,98,4095,-162,-39,162
-258,42,4072,-129,-80,203
-265,111,4142,-137,-37,271
-285,125,4243,-157,88,289
-215,126,4271,-90,144,292
-206,174,4353,-44,93,323
-185,151,4299,91,78,352
-216,55,4204,86,-2,352
-222,67,4156,32,20,288
-218,14,4084,-30,79,198
-264,-58,4069,-163,86,99
-216,56,4120,-254,38,97
-162,22,4157,-205,36,149
-175,19,4093,-143,-35,236
-266,12,4078,-63,-47,244
-115,-115,4070,-63,-155,82
-82,-87,3975,-100,76,80
-321,-166,4010,-154,30,90
-395,-66,4024,-243,35,61
-223,-120,4017,-280,223,53
-158,-114,4130,-312,133,136
-138,34,4281,-336,-35,251
-85,81,4212,-201,30,334
-126,80,4184,-109,23,349
-176,82,4227,-70,114,340
-139,-13,4151,-42,245,254
-176,27,4206,-45,197,250
-176,65,4183,-2,214,283
-161,-6,4116,48,237,300
-184,-23,4116,36,140,327
-199,-47,4072,11,102,347
-197,-92,4039,-10,96,370
-218,-95,4061,-41,-5,450
-183,-10,4080,-31,-68,499
-191,-37,4113,-25,-8,519
-100,-1,4201,-37,48,488
-61,-30,4188,-15,87,489
-79,-25,4199,4,52,507
-180,-60,4213,-25,7,460
-247,-16,4239,-59,-12,394
-204,-10,4179,-69,4,337
-265,23,4239,-47,-43,320
-301,25,4143,-31,24,281
-306,-30,4047,3,73,206
-316,-14,4047,37,117,172
-314,-35,4166,8,179,149
-292,-30,4225,-57,243,105
-342,-38,4222,-87,206,114
-426,13,4242,-56,142,164
-366,24,4207,-60,105,233
-324,1,4157,-56,1,362
-372,158,4294,-61,-92,531
-309,140,4286,-32,60,511
-266,60,4221,14,171,437
-282,7,4154,59,89,389
-389,-34,4155,67,85,390
-362,-47,4105,59,110,353
-246,-14,4168,22,209,350
-206,-26,4143,7,199,403
-310,2,4146,-34,84,472
-332,3,4099,-29,164,479
-279,-60,4072,-28,228,442
-227,-37,4140,-35,270,418
-233,-97,4131,-30,318,312
-334,-132,4098,-60,281,262
-351,-120,4147,-71,281,207
-277,-130,4093,-120,205,185
-277,-114,4115,-127,120,237
-296,-82,4103,-133,85,244
-314,-83,4078,-153,110,229
-336,-66,4091,-205,189,174
-337,-95,4070,-222,224,134
-378,-37,4110,-224,184,112
-301,23,4160,-216,254,89
-172,-54,4094,-201,303,34
-197,-34,4117,-221,180,4
-327,28,4171,-204,39,-91
-564,-16,4173,-157,15,-164
-236,-222,4097,-214,-296,-282
-268,54,4201,-238,-13,-186
-326,-5,4111,-220,12,-177
-340,26,4093,-155,94,-123
-437,3,4158,-73,233,-26
-491,54,4168,-71,296,21
-398,40,4154,-41,429,52
-236,37,4187,-63,388,109
-106,160,4290,-64,280,134
-25,144,4196,-12,283,109
-76,137,4216,53,131,98
-89,35,4097,47,103,27
-174,76,4224,17,-27,-27
-142,135,4362,0,-134,-133
-43,26,4228,116,9,-175
-120,199,4262,92,-297,-82
-103,239,4273,193,-374,-34
-150,182,4128,341,-79,41
-177,101,3955,342,-21,75
-178,151,3928,271,-102,165
-196,268,4128,149,76,218
-91,284,4239,79,261,139
-36,330,4280,77,395,37
2,284,4214,160,372,-78
43,283,4146,226,231,-35
-24,210,4139,276,81,70
-71,208,4064,252,-12,138
23,138,3993,225,15,156
-33,87,4073,175,-99,203
-172,140,4145,174,-154,197
-300,146,4142,215,-81,184
-277,187,4294,250,30,158
-216,130,4266,232,-40,195
-227,128,4186,280,-239,354
-250,88,4138,333,-359,498
-259,106,4107,296,-392,485
-162,155,4129,182,-314,312
-43,128,4148,130,-213,244
-51,97,4128,127,-233,211
-253,113,4198,161,-248,174
-218,75,4210,169,-172,80
-204,87,4209,143,-190,-2
-286,194,4328,173,-288,-5
-308,161,4273,245,-340,39
-336,94,4221,307,-424,119
-334,157,4191,311,-421,110
-270,95,4122,282,-304,29
-193,97,4041,219,-244,-36
-211,178,4076,226,-97,-115
-191,153,3992,215,18,-203
-243,50,3909,193,-1,-217
-315,123,3994,99,-158,-205
-268,186,4019,63,-196,-215
-243,217,4049,68,-233,-162
-289,212,4082,99,-301,-118
-340,264,4098,109,-237,-165
-340,227,4096,142,-74,-240
-355,181,4136,133,20,-284
-325,208,4153,71,5,-323
-342,254,4149,88,-10,-278
-321,276,4144,106,65,-214
-298,285,4167,132,174,-116
-251,337,4223,144,49,-110
-253,336,4184,213,80,-129
-281,196,4079,305,18,-139
-334,167,4047,309,-109,-109
-389,197,4148,256,-146,-106
-314,199,4134,165,-104,-145
-300,256,4251,140,-158,-112
-284,299,4262,166,-135,-116
-281,194,4151,231,-75,-169
-254,197,4188,210,-77,-172
-248,249,4270,211,-18,-146
-208,225,4193,295,14,-79
-284,232,4230,301,-52,-26
-262,217,4186,308,-14,-69
-226,119,4085,262,-12,-101
-290,160,4185,236,-60,-71
-292,116,4134,248,30,-105
-345,25,4076,224,46,-119
-314,89,4188,122,-16,-158
-172,157,4216,89,-4,-194
-145,158,4231,125,-81,-139
-371,187,4123,267,-115,-58
-453,76,3992,332,-73,-50
-467,48,3936,294,-95,-32
-300,206,3993,132,-61,50
-144,253,4061,48,43,33
40,295,4093,11,22,-12
89,410,4176,50,-117,-61
-55,408,4184,117,-98,-76
-214,286,4144,195,-65,-134
-228,350,4107,152,-121,-218
-224,322,4189,122,-148,-207
-225,390,4103,88,-225,-179
-292,356,4216,224,-183,-120
-210,331,4065,223,-219,-118
-228,372,4131,226,-260,-52
-147,372,4120,238,-184,-3
-109,411,4089,210,-226,1
-145,412,4087,214,-215,-7
-147,349,4021,191,-152,-65
-279,319,4029,106,-223,-104
-362,376,4107,61,-205,-147
-292,408,4179,63,-110,-187
-298,446,4333,48,-109,-177
-328,363,4241,121,-116,-155
-366,326,4251,158,-164,-131
-410,417,4290,180,-268,20
-434,486,4339,203,-249,125
-210,486,4218,215,-146,124
-105,572,4261,230,-258,248
-65,533,4232,271,-154,225
-22,480,4163,243,-100,112
-97,436,4202,283,-33,75
-190,445,4227,246,-22,-34
-227,451,4171,225,58,-162
-281,386,4108,221,121,-235
-278,379,4125,187,98,-224
-84,381,4112,160,62,-192
13,394,4158,187,-92,-3
-17,462,4193,233,-127,61
15,469,4213,268,-129,98
10,485,4200,313,-128,107
-88,483,4159,328,-50,49
-85,441,4089,335,-9,20
-119,369,4065,332,18,24
-160,376,4118,276,19,30
-177,391,4157,228,2,-4
-158,441,4161,213,19,-33
-136,467,4158,266,-53,9
-31,498,4137,263,-76,-3
69,432,4077,277,-103,3
-29,418,4112,316,-199,59
-82,336,3995,340,-103,21
-183,346,3924,233,-155,25
-173,424,3988,100,-62,-73
-43,466,4060,102,-114,-60
-23,507,4185,143,-139,-123
-2,475,4151,217,-166,-177
-54,425,4099,201,-165,-172
-5,382,4048,244,-181,-193
-61,368,4092,169,-169,-402
-89,379,4076,244,-170,-189
-113,278,4038,213,-127,-208
-69,239,3968,199,-222,-141
-156,291,4067,109,-247,-95
-137,261,3975,24,-194,-163
-160,354,4033,-57,-227,-154
-79,557,4290,-92,-116,-194
79,581,4267,-39,-27,-276
141,528,4237,21,-91,-256
129,485,4218,69,-240,-177
63,480,4186,5,-211,-249
-9,508,4144,-60,-151,-356
-97,430,4111,-90,-77,-352
-223,441,4061,-49,-202,-339
-299,417,4053,-75,-237,-214
-308,432,4002,-72,-161,-90
-132,360,4127,-72,-177,-34
-91,592,4346,-163,-445,58
-48,670,4299,-2,-455,129
113,622,4156,111,-404,0
164,683,4184,128,-409,-9
119,654,4187,118,-314,-33
5,546,4193,73,-396,-114
-64,584,4184,43,-509,-189
-124,536,4172,43,-465,-279
-228,577,4191,32,-518,-232
-279,665,4303,58,-445,-179
-244,657,4346,180,-320,-91
-15,634,4274,281,-280,54
62,646,4187,317,-263,170
44,642,4148,337,-136,97
130,608,4033,291,75,33
210,593,4025,198,132,-15
287,646,3970,114,110,-47
290,680,3983,138,44,-47
222,762,4108,144,54,-3
134,720,4128,182,117,42
44,658,4130,144,7,26
-3,673,4210,130,-45,32
5,688,4194,101,26,-5
-5,650,4219,101,102,8
-5,722,4161,103,103,1
57,717,4225,169,51,6
168,785,4212,238,34,-2
175,662,4066,368,20,66
71,661,4099,366,-23,154
79,651,4047,363,33,209
85,631,4026,296,48,277
13,679,4061,236,24,295
33,704,4075,205,70,213
86,714,4159,166,72,180
110,701,4175,212,79,141
68,612,4017,251,32,48
35,635,4032,202,-95,80
169,680,4060,183,-27,54
243,620,3981,148,65,93
164,557,3968,100,-60,213
-17,620,4043,53,-7,203
-95,632,4102,-7,19,130
-75,760,4290,-25,-11,122
71,948,4366,76,389,9
271,666,4206,105,175,-91
171,756,4055,183,-23,-26
17,646,4014,189,-63,-52
13,608,3948,77,-82,-127
75,701,3980,13,-117,-68
158,895,4145,45,-136,31
236,865,4065,152,-93,2
286,802,4094,180,-81,11
327,753,4122,161,-98,-89
146,757,4176,132,-91,-183
-66,761,4139,102,-44,-298
-177,786,4136,76,-29,-318
-52,868,4169,-12,-50,-355
75,991,4246,-16,-109,-399
212,1030,4259,45,-188,-374
416,1062,4191,124,-260,-349
449,1049,4148,209,-316,-346
429,1030,4074,225,-269,-343
331,933,4035,218,33,-301
172,1005,4183,152,146,-323
19,912,4124,171,331,-421
-175,809,4112,183,285,-396
-119,782,4109,194,271,-330
-25,812,4103,169,173,-270
177,921,4073,200,56,-115
261,850,3997,239,13,-65
299,863,4014,219,-107,-42
370,823,4038,158,-49,-81
304,798,4071,109,33,-137
